nodes = [1,1,1;
2,1,1;
2,2,1;
1,2,1;
1,1,2;
2,1,2;
2,2,2;
1,2,2;
1,1.5,1;
1.5,2,1;
2,1.5,1;
1.5,1,1;
2,1,1.5;
1.5,1,2;
1,1,1.5;
2,2,1.5;
2,1.5,2;
1,2,1.5;
1.5,2,2;
1,1.5,2;
1,1.25,1;
1,1.75,1;
1.75,2,1;
2,1.25,1;
1.25,1,1;
2,1,1.75;
1.25,1,2;
1,1,1.25;
2,2,1.75;
2,1.25,2;
1,2,1.75;
1.75,2,2;
1,1.75,2;
1,1.375,1;
1,1.875,1;
1.875,2,1;
2,1.125,1;
1.125,1,1;
2,1,1.875;
1.125,1,2;
1,1,1.125;
2,2,1.875;
2,1.125,2;
1,2,1.875;
1.875,2,2;
1,1.875,2;
1.25,2,1;
2,1.75,1;
1.75,1,1;
2,1,1.25;
1.75,1,2;
1,1,1.75;
2,2,1.25;
2,1.75,2;
1,2,1.25;
1.25,2,2;
1,1.25,2;
1,1.125,1;
1,1.625,1;
1.625,2,1;
2,1.375,1;
1.375,1,1;
2,1,1.625;
1.375,1,2;
1,1,1.375;
2,2,1.625;
2,1.375,2;
1,2,1.625;
1.625,2,2;
1,1.625,2;
2,2,1.375;
1,1,1.625;
1,1,1.875;
1.625,1,2;
1.875,1,2;
2,1,1.375;
1.625,1,1;
1.875,1,1;
2,1.625,1;
2,1.875,1;
1.375,2,1;
1.125,2,1;
2,1.875,2;
2,1.625,2;
1,2,1.375;
1.125,2,2;
1.375,2,2;
1,1.375,2;
2,1,1.125;
2,2,1.125;
1,2,1.125;
1,1.125,2;
1.5,1.5,1;
1.5,1,1.5;
1.29167,1,1.29167;
2,1.5,1.5;
1.5,1.5,2;
1.70833,1,1.70833;
1.70833,1.70833,2;
1.5,2,1.5;
1.75,1,1.45833;
1,1.5,1.5;
1.77083,1,1.22917;
1.25,1,1.54167;
1.22917,1,1.77083;
1.45833,1.75,2;
1.47132,1,1.75928;
1.53125,1,1.26042;
1,1.29167,1.70833;
2,1.70833,1.29167;
1.29167,1.29167,2;
1.29167,1.70833,1;
1.70833,1.70833,1;
1.29167,1.29167,1;
1.70833,1.29167,1;
1.75,1.45833,2;
1.25,1.54167,2;
2,1.70833,1.70833;
2,1.29167,1.29167;
2,1.29167,1.70833;
1.29167,2,1.29167;
1.29167,2,1.70833;
1.70833,2,1.29167;
1.70833,2,1.70833;
1,1.29167,1.29167;
1,1.70833,1.70833;
1,1.70833,1.29167;
1,1.22024,1.5;
1,1.5,1.77976;
1,1.77976,1.5;
1,1.5,1.22024;
1.22917,1.77083,2;
1.77976,2,1.5;
1.5,2,1.77976;
2,1.22024,1.5;
2,1.5,1.77976;
2,1.5,1.22024;
1.5,1.22024,1;
1.77976,1.5,1;
1.22024,1.5,1;
1.54167,1.25,2;
1.5,1.77976,1;
1.77083,1.22917,2;
2,1.77976,1.5;
1.5,2,1.22024;
1.22024,2,1.5;
1.39583,1.39583,1.60417;
1.31277,1.31277,1.31277;
1.64902,1.64902,1.64902;
1.31581,1.68419,1.70793;
1.68419,1.31581,1.70793;
1.67598,1.67598,1.32402;
1.65877,1.32239,1.35963;
1.33403,1.66597,1.36442;
1.61979,1.14583,1.13021;
1.11458,1.125,1.88542;
1.88542,1.11458,1.875;
1.88542,1.125,1.11458;
1.11458,1.88542,1.875;
1.29167,1.14583,1.14583;
1.14583,1.29167,1.85417;
1.85417,1.14583,1.70833;
1.85417,1.29167,1.14583;
1.14583,1.85417,1.70833;
1.0625,1.14583,1.14583;
1.39583,1.11012,1.14583;
1.19792,1.44792,1.69196;
1.14583,1.39583,1.88988;
1.3125,1.19792,1.6875;
1.34375,1.34375,1.80208;
1.85417,1.11012,1.60417;
1.85417,1.39583,1.11012;
1.14583,1.88988,1.60417;
1.32292,1.46875,1.80208;
1.46875,1.32292,1.80208;
1.43358,1.19792,1.68172;
1.63542,1.11012,1.11458;
1.11458,1.14583,1.73958;
1.73958,1.11458,1.85417;
1.88542,1.26042,1.85417;
1.88542,1.14583,1.26042;
1.26042,1.14583,1.88542;
1.26042,1.88542,1.85417;
1.73958,1.14583,1.11458;
1.11458,1.73958,1.85417;
1.125,1.14583,1.625;
1.625,1.125,1.85417;
1.875,1.375,1.85417;
1.875,1.14583,1.375;
1.38149,1.14583,1.87964;
1.375,1.875,1.85417;
1.125,1.625,1.85417;
1.19792,1.30804,1.55208;
1.32292,1.19792,1.57292;
];
connectivity = [114,34,125,131;
11,61,137,139;
112,81,121,145;
101,103,108,153;
131,114,140,148;
85,55,121,127;
32,45,99,124;
91,35,121,127;
87,19,106,134;
100,123,133,152;
40,73,92,105;
66,118,133,144;
149,96,151,153;
93,113,142,152;
65,15,104,128;
90,36,110,123;
110,71,123,133;
96,119,135,153;
36,80,90,110;
100,124,134,149;
60,10,142,145;
20,70,117,129;
140,131,148,154;
34,21,114,125;
21,58,114,125;
38,1,41,58;
121,112,145,154;
88,20,117,129;
100,145,152,154;
35,82,91,121;
42,7,45,83;
46,44,86,132;
19,69,106,134;
148,147,153,154;
125,114,131,148;
16,66,133,144;
94,108,148,153;
71,16,133,144;
54,84,99,118;
79,110,113,139;
99,42,118,124;
36,80,110,113;
18,68,130,146;
127,121,130,154;
71,53,110,123;
66,118,124,133;
80,48,110,113;
96,110,137,152;
47,82,112,121;
41,28,95,125;
22,59,112,127;
44,8,46,86;
2,37,78,89;
37,78,89,103;
131,102,148,154;
23,60,113,123;
39,6,43,75;
77,12,108,138;
69,32,99,124;
125,102,128,148;
94,95,104,148;
124,100,133,149;
96,118,144,149;
142,93,152,154;
36,23,113,123;
118,96,136,149;
3,36,80,90;
4,35,82,91;
102,125,131,148;
5,40,73,92;
65,95,125,128;
102,130,150,154;
81,47,112,121;
127,102,131,154;
34,9,131,140;
147,102,150,154;
104,95,128,148;
95,65,104,128;
110,71,133,144;
112,93,142,154;
45,42,99,124;
84,99,118,136;
123,100,145,152;
45,42,83,99;
48,79,110,113;
35,112,121,127;
149,147,150,154;
110,36,113,123;
144,96,149,152;
60,113,123,145;
29,66,118,124;
53,90,110,123;
59,112,127,131;
42,29,118,124;
121,85,127,130;
114,93,140,148;
42,83,99,118;
119,96,137,153;
146,100,150,154;
99,97,106,149;
43,39,75,143;
93,139,152,153;
112,121,127,154;
142,113,145,152;
147,152,153,154;
83,54,99,118;
28,65,95,125;
100,121,145,154;
113,93,139,152;
97,99,116,149;
112,142,145,154;
114,34,131,140;
95,94,108,148;
147,149,152,154;
15,72,104,128;
82,35,112,121;
135,101,151,153;
55,91,121,127;
110,96,144,152;
147,94,148,153;
121,85,130,146;
101,94,151,153;
99,69,124,134;
108,138,148,153;
35,22,112,127;
93,112,140,154;
69,99,106,134;
63,13,101,135;
13,76,101,135;
17,67,116,136;
84,17,116,136;
99,84,116,136;
94,101,108,153;
59,112,131,140;
110,113,139,152;
12,62,108,138;
79,11,137,139;
110,79,137,139;
9,59,131,140;
14,74,107,141;
64,14,107,141;
93,114,138,148;
10,81,142,145;
85,18,130,146;
113,60,142,145;
81,112,142,145;
95,125,128,148;
136,116,149,151;
124,99,134,149;
102,147,148,154;
121,100,146,154;
118,124,133,149;
113,110,123,152;
141,116,143,151;
112,131,140,154;
102,126,129,150;
94,147,151,153;
97,116,141,151;
98,94,107,151;
133,110,144,152;
118,133,144,149;
113,123,145,152;
96,136,149,151;
96,135,151,153;
147,97,149,150;
99,106,134,149;
99,118,136,149;
130,121,146,154;
149,100,152,154;
147,149,151,153;
122,100,134,150;
106,134,149,150;
94,98,101,151;
118,99,124,149;
106,117,132,150;
115,93,138,153;
149,147,152,153;
93,115,139,153;
97,147,149,151;
145,142,152,154;
102,127,130,154;
139,137,152,153;
97,106,149,150;
116,97,149,151;
93,140,148,154;
96,120,136,151;
96,149,152,153;
123,110,133,152;
100,149,150,154;
134,100,149,150;
137,110,139,152;
93,148,153,154;
152,93,153,154;
130,146,150,154;
137,96,152,153;
100,122,146,150;
112,127,131,154;
100,133,149,152;
116,99,136,149;
126,102,130,150;
120,96,135,151;
106,97,117,150;
138,93,148,153;
133,144,149,152;
156,57,92,109;
157,26,39,120;
158,24,37,119;
156,57,92,111;
159,31,44,122;
157,26,39,98;
158,24,37,115;
159,31,44,126;
160,114,25,38;
160,95,25,38;
155,115,138,153;
155,108,138,153;
155,108,103,153;
156,57,161,109;
156,57,161,111;
157,26,162,98;
157,26,162,120;
158,24,163,115;
158,24,163,119;
159,31,164,122;
159,31,164,126;
166,138,114,148;
160,114,125,148;
160,95,125,148;
160,114,62,25;
160,95,62,25;
166,138,62,114;
160,114,165,125;
160,95,165,125;
160,114,165,38;
160,95,165,38;
160,114,166,148;
160,95,166,148;
160,114,166,62;
160,95,166,62;
168,129,109,88;
161,109,88,57;
161,111,88,57;
168,129,167,109;
170,147,167,109;
161,109,168,88;
161,111,168,88;
170,147,169,109;
161,109,168,167;
161,111,168,167;
161,109,170,167;
161,111,170,167;
161,109,170,169;
161,111,170,169;
171,135,63,120;
162,98,26,63;
162,120,26,63;
171,135,120,151;
162,98,171,63;
162,120,171,63;
162,98,171,151;
162,120,171,151;
172,137,61,119;
163,115,24,61;
163,119,24,61;
172,137,119,153;
163,115,172,61;
163,119,172,61;
163,115,172,153;
163,119,172,153;
164,122,31,68;
164,126,31,68;
173,130,68,126;
173,130,126,150;
164,122,173,68;
164,126,173,68;
164,122,173,150;
164,126,173,150;
165,125,41,95;
165,38,41,95;
165,125,41,58;
165,38,41,58;
165,125,58,114;
165,38,58,114;
166,95,108,148;
166,138,108,148;
166,95,62,108;
166,138,62,108;
174,117,129,150;
167,129,109,102;
167,147,109,102;
167,129,102,150;
167,147,102,150;
167,129,174,150;
167,147,174,150;
168,111,88,117;
168,129,88,117;
168,111,174,117;
168,129,174,117;
168,111,167,174;
168,129,167,174;
169,105,104,107;
174,117,97,111;
175,141,111,97;
170,111,167,174;
170,147,167,174;
170,111,174,97;
170,147,174,97;
170,111,175,97;
170,147,175,97;
170,111,176,169;
170,147,176,169;
170,111,176,175;
170,147,176,175;
171,98,101,151;
